node) split, number observations, deviance, yval
* denotes a terminal node

1) root 10000 83852 4.4434
	2) pixel409< 2.5 3338  23435.6 2.51678 
		4) pixel464< 130.5 2632  14669.9 1.91261 
			8) pixel353< 84.5 2085  8271.63 1.41918 
				16) pixel455> 53.5 703  1379.21 0.389758 
					32) pixel490< 83 649  803.501 0.209553 
						64) pixel715< 3 641  539.71 0.154446 
							128) pixel96< 179.5 632  386.684 0.107595 
								256) pixel488< 60.5 622  220.297 0.0659164 
									512) pixel441> 3.5 564  43.8227 0.0177305 
										1024) pixel325< 238.5 557  7.97127 0.00718133 
											2048) pixel406< 47.5 550  3.99273 0.00363636 
												4096) pixel488< 31 543  0 0 *
												4097) pixel488>=31 7  3.42857 0.285714 *
											2049) pixel406>=47.5 7  3.42857 0.285714 *
										1025) pixel325>=238.5 7  30.8571 0.857143 *
									513) pixel441<=3.5 58  162.431 0.534483 
										1026) pixel371> 16 45  0 0 *
										1027) pixel371<=16 13  105.077 2.38462 *
								257) pixel488>=60.5 10  98.1 2.7 *
							129) pixel96>=179.5 9  54.2222 3.44444 *
						65) pixel715>=3 8  105.875 4.625 *
					33) pixel490>=83 54  301.333 2.55556 
						66) pixel414> 54.5 25  32.64 0.88 
							132) pixel541> 208 14  0 0 *
							133) pixel541<=208 11  8 2 *
						67) pixel414<=54.5 29  138 4 
							134) pixel154> 0.5 11  0 2 *
							135) pixel154<=0.5 18  67.1111 5.22222 *
				17) pixel455<=53.5 1382  5768.48 1.94284 
					34) pixel347< 1.5 1052  2432.92 1.49144 
						68) pixel713< 3.5 1022  1691.77 1.36106 
							136) pixel716< 3 1011  1356.99 1.30168 
								272) pixel430< 84.5 952  817.562 1.18172 
									544) pixel709< 6.5 945  642.662 1.15026 
										1088) pixel191< 75 938  551.903 1.12687 
											2176) pixel149< 15 892  418.263 1.07287 
												4352) pixel414> 97.5 37  0.972973 0.027027 
													8704) pixel129< 13 30  0 0 *
													8705) pixel129>=13 7  0.857143 0.142857 *
												4353) pixel414<=97.5 855  375.069 1.11813 
													8706) pixel246< 109 848  278.008 1.0908 
														17412) pixel497< 251 841  200 1.06897 
															34824) pixel607< 11.5 798  92.3371 1.02882 
																69648) pixel100< 36 791  61.7522 1.0177 
																	139296) pixel133< 186.5 784  20.9681 1.00638 
																		278592) pixel316> 21.5 8  0 0 *
																		278593) pixel316<=21.5 776  12.7822 1.01675 
																			557186) pixel550< 7.5 763  2.9882 1.00393 
																				1114372) pixel462> 18.5 749  0 1 *
																				1114373) pixel462<=18.5 14  2.35714 1.21429 *
																			557187) pixel550>=7.5 13  2.30769 1.76923 *
																	139297) pixel133>=186.5 7  29.4286 2.28571 *
																69649) pixel100>=36 7  19.4286 2.28571 *
															34825) pixel607>=11.5 43  82.5116 1.81395 
																69650) pixel497> 23.5 9  3.55556 0.222222 *
																69651) pixel497<=23.5 34  50.1176 2.23529 
																	139302) pixel494< 1 26  7.38462 1.84615 
																		278604) pixel213< 122.5 7  3.42857 1.28571 *
																		278605) pixel213>=122.5 19  0.947368 2.05263 *
																	139303) pixel494>=1 8  26 3.5 *
														17413) pixel497>=251 7  29.4286 3.71429 *
													8707) pixel246>=109 7  19.7143 4.42857 *
											2177) pixel149>=15 46  80.6087 2.17391 
												4354) pixel464< 5.5 39  24.359 1.87179 
													8708) pixel244> 5.5 7  6.85714 0.857143 *
													8709) pixel244<=5.5 32  8.71875 2.09375 
														17418) pixel122> 25 25  0 2 *
														17419) pixel122<=25 7  7.71429 2.42857 *
												4355) pixel464>=5.5 7  32.8571 3.85714 *
										1089) pixel191>=75 7  21.4286 4.28571 *
									545) pixel709>=6.5 7  47.7143 5.42857 *
								273) pixel430>=84.5 59  304.678 3.23729 
									546) pixel485> 158 39  112.923 2.23077 
										1092) pixel570> 19 29  16.5517 1.65517 
											2184) pixel404< 40.5 7  5.71429 0.571429 *
											2185) pixel404>=40.5 22  0 2 *
										1093) pixel570<=19 10  58.9 3.9 *
									547) pixel485<=158 20  75.2 5.2 
										1094) pixel486< 4 13  30.3077 4.23077 *
										1095) pixel486>=4 7  10 7 *
							137) pixel716>=3 11  3.63636 6.81818 *
						69) pixel713>=3.5 30  131.867 5.93333 
							138) pixel461> 122 8  37.875 3.625 *
							139) pixel461<=122 22  35.8636 6.77273 
								278) pixel268< 132 7  13.7143 5.57143 *
								279) pixel268>=132 15  7.33333 7.33333 *
					35) pixel347>=1.5 330  2437.89 3.38182 
						70) pixel412> 115.5 107  481.963 0.981308 
							140) pixel324< 122 89  104.944 0.213483 
								280) pixel374> 100 82  0 0 *
								281) pixel374<=100 7  57.4286 2.71429 *
							141) pixel324>=122 18  65.1111 4.77778 *
						71) pixel412<=115.5 223  1043.5 4.53363 
							142) pixel126> 134 30  127.5 2.5 
								284) pixel156> 126 19  28.4211 1.63158 *
								285) pixel156<=126 11  60 4 *
							143) pixel126<=134 193  772.643 4.84974 
								286) pixel524> 202.5 16  70.9375 1.9375 *
								287) pixel524<=202.5 177  553.74 5.11299 
									574) pixel324< 184.5 141  309.291 4.73759 
										1148) pixel180> 231.5 13  35.6923 2.84615 *
										1149) pixel180<=231.5 128  222.367 4.92969 
											2298) pixel355> 108.5 7  57.4286 2.28571 *
											2299) pixel355<=108.5 121  113.174 5.08264 
												4598) pixel550< 3.5 95  60.4842 4.87368 
													9196) pixel182> 222.5 7  27.4286 3.28571 *
													9197) pixel182<=222.5 88  14 5 
														18394) pixel492> 152 7  7.71429 4.42857 *
														18395) pixel492<=152 81  3.80247 5.04938 
															36790) pixel158< 97.5 70  0 5 *
															36791) pixel158>=97.5 11  2.54545 5.36364 *
												4599) pixel550>=3.5 26  33.3846 5.84615 
													9198) pixel543< 67 11  6 5 *
													9199) pixel543>=67 15  13.7333 6.46667 *
									575) pixel324>=184.5 36  146.75 6.58333 
										1150) pixel630< 90.5 17  67.7647 5.11765 *
										1151) pixel630>=90.5 19  9.78947 7.89474 *
			9) pixel353>=84.5 547  3955.66 3.79342 
				18) pixel296> 157.5 296  1417.95 2.51351 
					36) pixel289< 100.5 250  688.4 2.08 
						72) pixel237< 55.5 207  215.304 1.72464 
							144) pixel178< 6.5 128  60.4297 1.22656 
								288) pixel548< 20.5 111  10.7748 1.04505 
									576) pixel269> 231.5 101  0 1 *
									577) pixel269<=231.5 10  8.5 1.5 *
								289) pixel548>=20.5 17  22.1176 2.41176 *
							145) pixel178>=6.5 79  71.6709 2.53165 
								290) pixel155> 116 70  15.4429 2.32857 
									580) pixel384< 2 49  1.91837 2.04082 
										1160) pixel542> 106.5 42  0 2 *
										1161) pixel542<=106.5 7  1.42857 2.28571 *
									581) pixel384>=2 21  0 3 *
								291) pixel155<=116 9  30.8889 4.11111 *
						73) pixel237>=55.5 43  321.116 3.7907 
							146) pixel294> 35 25  122.24 2.48 
								292) pixel290> 110.5 7  3.42857 0.285714 *
								293) pixel290<=110.5 18  72 3.33333 *
							147) pixel294<=35 18  96.2778 5.61111 *
					37) pixel289>=100.5 46  427.217 4.86957 
						74) pixel351< 42 15  132 2 *
						75) pixel351>=42 31  111.935 6.25806 
							150) pixel550> 139 15  51.7333 5.13333 *
							151) pixel550<=139 16  23.4375 7.3125 *
				19) pixel296<=157.5 251  1480.99 5.30279 
					38) pixel491< 35.5 174  865.218 4.45977 
						76) pixel215> 217 40  76.4 2.2 
							152) pixel348< 13.5 32  7.46875 1.78125 
								304) pixel157< 44 7  2 1 *
								305) pixel157>=44 25  0 2 *
							153) pixel348>=13.5 8  40.875 3.875 *
						77) pixel215<=217 134  523.582 5.13433 
							154) pixel297> 207 18  99.7778 2.88889 *
							155) pixel297<=207 116  318.966 5.48276 
								310) pixel430< 40 64  191.109 4.82812 
									620) pixel622> 30.5 9  14 2.33333 *
									621) pixel622<=30.5 55  111.927 5.23636 
										1242) pixel514< 2.5 36  50.3056 4.63889 
											2484) pixel355< 112 14  24.3571 3.78571 *
											2485) pixel355>=112 22  9.27273 5.18182 
												4970) pixel291< 88.5 15  0.933333 4.93333 *
												4971) pixel291>=88.5 7  5.42857 5.71429 *
										1243) pixel514>=2.5 19  24.4211 6.36842 *
								311) pixel430>=40 52  66.6731 6.28846 
									622) pixel575> 25.5 41  29.6098 5.90244 
										1244) pixel513< 32.5 7  12.8571 4.85714 *
										1245) pixel513>=32.5 34  7.52941 6.11765 
											2490) pixel185< 86.5 27  0 6 *
											2491) pixel185>=86.5 7  5.71429 6.57143 *
									623) pixel575<=25.5 11  8.18182 7.72727 *
					39) pixel491>=35.5 77  212.675 7.20779 
						78) pixel656< 5 15  49.7333 5.46667 *
						79) pixel656>=5 62  106.468 7.62903 
							158) pixel682> 208.5 9  55.5556 5.77778 *
							159) pixel682<=208.5 53  14.8302 7.9434 
								318) pixel267> 135 9  8 7.33333 *
								319) pixel267<=135 44  2.79545 8.06818 
									638) pixel182> 19 37  0 8 *
									639) pixel182<=19 7  1.71429 8.42857 *
		5) pixel464>=130.5 706  4223.37 4.76912 
			10) pixel290< 2.5 325  1604.2 3.55692 
				20) pixel322> 237 131  479.221 2.33588 
					40) pixel570< 7.5 103  89.9806 1.63107 
						80) pixel519> 141 75  13.1467 1.10667 
							160) pixel379> 143.5 68  0 1 *
							161) pixel379<=143.5 7  4.85714 2.14286 *
						81) pixel519<=141 28  0.964286 3.03571 
							162) pixel152> 3 21  0 3 *
							163) pixel152<=3 7  0.857143 3.14286 *
					41) pixel570>=7.5 28  149.857 4.92857 
						82) pixel296> 249.5 12  24 3 *
						83) pixel296<=249.5 16  47.75 6.375 *
				21) pixel322<=237 194  797.773 4.38144 
					42) pixel292< 93 126  432 3.66667 
						84) pixel316< 92 111  282.667 3.33333 
							168) pixel153> 15 68  56.75 2.75 
								336) pixel518> 102 15  1.73333 1.86667 *
								337) pixel518<=102 53  40 3 
									674) pixel521> 7.5 46  6.6087 2.82609 
										1348) pixel467> 160.5 7  0 2 *
										1349) pixel467<=160.5 39  0.974359 2.97436 
											2698) pixel122> 54.5 7  0.857143 2.85714 *
											2699) pixel122<=54.5 32  0 3 *
									675) pixel521<=7.5 7  22.8571 4.14286 *
							169) pixel153<=15 43  166.186 4.25581 
								338) pixel433> 14 36  105.639 3.80556 
									676) pixel320< 83 26  75.1154 3.26923 
										1352) pixel436< 116.5 15  5.73333 2.46667 *
										1353) pixel436>=116.5 11  46.5455 4.36364 *
									677) pixel320>=83 10  3.6 5.2 *
								339) pixel433<=14 7  15.7143 6.57143 *
						85) pixel316>=92 15  45.7333 6.13333 *
					43) pixel292>=93 68  182.118 5.70588 
						86) pixel266> 17.5 53  104.113 5.18868 
							172) pixel571< 5.5 22  61.0909 4.36364 
								344) pixel436< 157 10  22.1 3.3 *
								345) pixel436>=157 12  18.25 5.25 *
							173) pixel571>=5.5 31  17.4194 5.77419 
								346) pixel244> 2.5 11  0.909091 5.09091 *
								347) pixel244<=2.5 20  8.55 6.15 
									694) pixel214< 21.5 13  0.923077 5.92308 *
									695) pixel214>=21.5 7  5.71429 6.57143 *
						87) pixel266<=17.5 15  13.7333 7.53333 *
			11) pixel290>=2.5 381  1734.24 5.80315 
				22) pixel352< 19 204  551.583 4.91667 
					44) pixel359> 87.5 8  3.5 0.25 *
					45) pixel359<=87.5 196  366.75 5.10714 
						90) pixel516< 93 156  225.917 4.91667 
							180) pixel355> 213.5 7  19.4286 2.28571 *
							181) pixel355<=213.5 149  155.758 5.04027 
								362) pixel349> 246 16  44.9375 4.0625 *
								363) pixel349<=246 133  93.6842 5.15789 
									726) pixel433> 110.5 112  36.9911 5.00893 
										1452) pixel154> 227 7  8.85714 4.14286 *
										1453) pixel154<=227 105  22.5333 5.06667 
											2906) pixel515< 27 97  2.98969 4.98969 
												5812) pixel438> 28 7  1.42857 4.71429 *
												5813) pixel438<=28 90  0.988889 5.01111 
													11626) pixel276< 231.5 83  0 5 *
													11627) pixel276>=231.5 7  0.857143 5.14286 *
											2907) pixel515>=27 8  12 6 *
									727) pixel433<=110.5 21  40.9524 5.95238 
										1454) pixel606< 62 11  2 5 *
										1455) pixel606>=62 10  18 7 *
						91) pixel516>=93 40  113.1 5.85 
							182) pixel514> 60 28  62.7143 5.21429 
								364) pixel373< 48.5 7  28.8571 3.85714 *
								365) pixel373>=48.5 21  16.6667 5.66667 
									730) pixel436> 39.5 14  2.85714 5.28571 *
									731) pixel436<=39.5 7  7.71429 6.42857 *
							183) pixel514<=60 12  12.6667 7.33333 *
				23) pixel352>=19 177  837.571 6.82486 
					46) pixel490> 206 45  295.644 4.91111 
						92) pixel237> 250 15  46.4 2.8 *
						93) pixel237<=250 30  148.967 5.96667 
							186) pixel661< 4.5 18  64.2778 4.61111 *
							187) pixel661>=4.5 12  2 8 *
					47) pixel490<=206 132  320.932 7.47727 
						94) pixel319< 7.5 26  166.962 5.96154 
							188) pixel345< 13 10  34.5 3.5 *
							189) pixel345>=13 16  34 7.5 *
						95) pixel319>=7.5 106  79.5849 7.84906 
							190) pixel378< 150 9  28 5.66667 *
							191) pixel378>=150 97  4.74227 8.05155 
								382) pixel657> 1 89  0 8 *
								383) pixel657<=1 8  1.875 8.625 *
	3) pixel409>=2.5 6662  41818 5.40874 
		6) pixel290< 0.5 2343  11825.5 3.97482 
			12) pixel153> 10.5 1176  3317.04 3.1165 
				24) pixel316< 185.5 1124  2520.72 2.96619 
					48) pixel264< 147 992  1223.65 2.72077 
						96) pixel342< 106 980  993.856 2.67245 
							192) pixel490> 14.5 457  464.039 2.24289 
								384) pixel680< 47.5 437  286.105 2.15789 
									768) pixel683< 142 423  187.423 2.10402 
										1536) pixel348< 114.5 396  132.778 2.05556 
											3072) pixel322> 251 13  2.76923 1.30769 *
											3073) pixel322<=251 383  122.491 2.08094 
												6146) pixel295< 252.5 372  37.4731 2.03763 
													12292) pixel648< 66 365  12.7781 2.02466 
														24584) pixel377< 212 351  7.95442 2.0114 
															49168) pixel200< 133 344  5.98837 2.00581 
																98336) pixel490> 50.5 333  4 2 
																	196672) pixel322> 30.5 14  1.71429 1.85714 *
																	196673) pixel322<=30.5 319  1.98746 2.00627 
																		393346) pixel517> 12.5 301  0 2 *
																		393347) pixel517<=12.5 18  1.77778 2.11111 *
																98337) pixel490<=50.5 11  1.63636 2.18182 *
															49169) pixel200>=133 7  1.42857 2.28571 *
														24585) pixel377>=212 14  3.21429 2.35714 *
													12293) pixel648>=66 7  21.4286 2.71429 *
												6147) pixel295>=252.5 11  60.7273 3.54545 *
										1537) pixel348>=114.5 27  40.0741 2.81481 
											3074) pixel264< 14 20  8.95 2.45 
												6148) pixel596< 96.5 7  1.42857 1.71429 *
												6149) pixel596>=96.5 13  1.69231 2.84615 *
											3075) pixel264>=14 7  20.8571 3.85714 *
									769) pixel683>=142 14  60.3571 3.78571 *
								385) pixel680>=47.5 20  105.8 4.1 
									770) pixel545< 106.5 11  2.54545 2.63636 *
									771) pixel545>=106.5 9  50.8889 5.88889 *
							193) pixel490<=14.5 523  371.805 3.0478 
								386) pixel288< 116.5 515  270.905 3.01359 
									772) pixel265< 252 499  145.351 2.96393 
										1544) pixel516< 168 492  90.4065 2.94309 
											3088) pixel513> 231.5 38  14.8421 2.36842 
												6176) pixel459> 22 22  4.95455 1.95455 
													12352) pixel402> 80 7  3.42857 1.71429 *
													12353) pixel402<=80 15  0.933333 2.06667 *
												6177) pixel459<=22 16  0.9375 2.9375 *
											3089) pixel513<=231.5 454  61.9648 2.99119 
												6178) pixel455> 160 18  6 2.33333 *
												6179) pixel455<=160 436  47.8532 3.01835 
													12358) pixel264< 80.5 428  14 3 
														24716) pixel349< 2.5 22  3.86364 2.77273 
															49432) pixel598> 160 9  2.22222 2.44444 *
															49433) pixel598<=160 13  0 3 *
														24717) pixel349>=2.5 406  8.93842 3.01232 
															49434) pixel152> 1 395  3.98987 3.00506 
																98868) pixel183> 1 388  0 3 *
																98869) pixel183<=1 7  3.42857 3.28571 *
															49435) pixel152<=1 11  4.18182 3.27273 *
													12359) pixel264>=80.5 8  26 4 *
										1545) pixel516>=168 7  39.7143 4.42857 *
									773) pixel265>=252 16  85.9375 4.5625 *
								387) pixel288>=116.5 8  61.5 5.25 *
						97) pixel342>=106 12  40.6667 6.66667 *
					49) pixel264>=147 132  788.265 4.81061 
						98) pixel239> 234 34  102.618 2.73529 
							196) pixel489> 187.5 14  3.42857 1.57143 *
							197) pixel489<=187.5 20  66.95 3.55 
								394) pixel435< 164 12  15 2.5 *
								395) pixel435>=164 8  18.875 5.125 *
						99) pixel239<=234 98  488.408 5.53061 
							198) pixel487< 2 33  103.515 3.87879 
								396) pixel206> 4.5 9  10.8889 1.88889 *
								397) pixel206<=4.5 24  43.625 4.625 
									794) pixel348< 109 7  12.8571 3.14286 *
									795) pixel348>=109 17  9.05882 5.23529 *
							199) pixel487>=2 65  249.138 6.36923 
								398) pixel349< 3 15  72 4 *
								399) pixel349>=3 50  67.68 7.08 
									798) pixel375> 126.5 24  21.8333 6.08333 
										1596) pixel379< 252.5 17  9.05882 5.76471 *
										1597) pixel379>=252.5 7  6.85714 6.85714 *
									799) pixel375<=126.5 26  0 8 *
				25) pixel316>=185.5 52  222.058 6.36538 
					50) pixel374< 10.5 13  49.0769 4.38462 *
					51) pixel374>=10.5 39  104.974 7.02564 
						102) pixel349> 251.5 9  18 5 *
						103) pixel349<=251.5 30  38.9667 7.63333 
							206) pixel326< 18 9  18.2222 6.44444 *
							207) pixel326>=18 21  2.57143 8.14286 
								414) pixel153< 250 14  0 8 *
								415) pixel153>=250 7  1.71429 8.42857 *
			13) pixel153<=10.5 1167  6769.04 4.83976 
				26) pixel236< 0.5 595  2821.12 3.89244 
					52) pixel324> 241.5 166  481.928 2.15663 
						104) pixel493< 83 123  157.48 1.39837 
							208) pixel400< 3 115  69.1652 1.18261 
								416) pixel433> 96 108  11.6667 1.05556 
									832) pixel351> 214.5 101  0.990099 1.0099 
										1664) pixel127< 72 94  0 1 *
										1665) pixel127>=72 7  0.857143 1.14286 *
									833) pixel351<=214.5 7  7.42857 1.71429 *
								417) pixel433<=96 7  28.8571 3.14286 *
							209) pixel400>=3 8  6 4.5 *
						105) pixel493>=83 43  51.4419 4.32558 
							210) pixel178< 22.5 36  13.8889 4.05556 
								420) pixel297> 184.5 28  2.67857 3.89286 
									840) pixel186> 222 7  1.71429 3.57143 *
									841) pixel186<=222 21  0 4 *
								421) pixel297<=184.5 8  7.875 4.625 *
							211) pixel178>=22.5 7  21.4286 5.71429 *
					53) pixel324<=241.5 429  1645.49 4.5641 
						106) pixel271> 122.5 209  623.617 3.91866 
							212) pixel129> 5.5 33  76.9091 1.81818 
								424) pixel212> 211 8  0 0 *
								425) pixel212<=211 25  42 2.4 
									850) pixel349< 45 18  0.944444 1.94444 *
									851) pixel349>=45 7  27.7143 3.57143 *
							213) pixel129<=5.5 176  373.812 4.3125 
								426) pixel595> 244 7  19.7143 1.42857 *
								427) pixel595<=244 169  293.467 4.43195 
									854) pixel712< 89.5 162  215.309 4.32099 
										1708) pixel597< 89 141  101.404 4.10638 
											3416) pixel216> 1.5 114  21.6842 3.94737 
												6832) pixel213> 232.5 10  7.6 3.2 *
												6833) pixel213<=232.5 104  7.96154 4.01923 
													13666) pixel247< 8 97  3.95876 3.97938 
														27332) pixel131> 27.5 7  3.42857 3.71429 *
														27333) pixel131<=27.5 90  0 4 *
													13667) pixel247>=8 7  1.71429 4.57143 *
											3417) pixel216<=1.5 27  64.6667 4.77778 
												6834) pixel494> 56.5 18  10.9444 4.05556 *
												6835) pixel494<=56.5 9  25.5556 6.22222 *
										1709) pixel597>=89 21  63.8095 5.7619 
											3418) pixel213< 31.5 12  22.25 4.75 *
											3419) pixel213>=31.5 9  12.8889 7.11111 *
									855) pixel712>=89.5 7  30 7 *
						107) pixel271<=122.5 220  852.086 5.17727 
							214) pixel189> 189 16  91.75 2.875 *
							215) pixel189<=189 204  668.877 5.35784 
								430) pixel234< 143.5 196  572.122 5.22449 
									860) pixel574< 69 82  284.488 4.4878 
										1720) pixel599< 199.5 71  198.62 4.1831 
											3440) pixel717< 30.5 64  125.938 3.96875 
												6880) pixel547< 32 43  36.6977 3.46512 
													13760) pixel428< 36 13  9.23077 2.46154 *
													13761) pixel428>=36 30  8.7 3.9 
														27522) pixel240> 238.5 7  5.71429 3.42857 *
														27523) pixel240<=238.5 23  0.956522 4.04348 
															55046) pixel156< 63.5 16  0 4 *
															55047) pixel156>=63.5 7  0.857143 4.14286 *
												6881) pixel547>=32 21  56 5 
													13762) pixel270> 183 8  3.5 3.75 *
													13763) pixel270<=183 13  32.3077 5.76923 *
											3441) pixel717>=30.5 7  42.8571 6.14286 *
										1721) pixel599>=199.5 11  36.7273 6.45455 *
									861) pixel574>=69 114  211.123 5.75439 
										1722) pixel269> 241.5 8  51.875 3.375 *
										1723) pixel269<=241.5 106  110.538 5.93396 
											3446) pixel215< 227 98  65.9184 5.79592 
												6892) pixel571< 18 15  34.9333 4.73333 *
												6893) pixel571>=18 83  10.988 5.98795 
													13786) pixel455> 252.5 11  4.54545 5.63636 *
													13787) pixel455<=252.5 72  4.875 6.04167 
														27574) pixel570> 32.5 65  0 6 *
														27575) pixel570<=32.5 7  3.71429 6.42857 *
											3447) pixel215>=227 8  19.875 7.625 *
								431) pixel234>=143.5 8  7.875 8.625 *
				27) pixel236>=0.5 572  2858.52 5.82517 
					54) pixel554> 18 53  186.83 3.0566 
						108) pixel341< 98 46  37.3043 2.56522 
							216) pixel633< 154.5 29  2.68966 2.10345 
								432) pixel175< 68 22  0 2 *
								433) pixel175>=68 7  1.71429 2.42857 *
							217) pixel633>=154.5 17  17.8824 3.35294 *
						109) pixel341>=98 7  65.4286 6.28571 *
					55) pixel554<=18 519  2223.96 6.1079 
						110) pixel316< 1.5 451  1794.98 5.81153 
							220) pixel550> 10.5 167  659.102 4.86826 
								440) pixel485< 26 89  256.09 3.89888 
									880) pixel350> 1.5 65  49.0154 3.27692 
										1760) pixel319< 190.5 56  21.9286 3.03571 
											3520) pixel131< 2 49  9.67347 2.91837 
												7040) pixel377< 80 7  7.71429 2.42857 *
												7041) pixel377>=80 42  0 3 *
											3521) pixel131>=2 7  6.85714 3.85714 *
										1761) pixel319>=190.5 9  3.55556 4.77778 *
									881) pixel350<=1.5 24  113.833 5.58333 
										1762) pixel461> 23 10  30.5 3.5 *
										1763) pixel461<=23 14  8.92857 7.07143 *
								441) pixel485>=26 78  223.949 5.97436 
									882) pixel408< 52 9  70.2222 3.55556 *
									883) pixel408>=52 69  94.2029 6.28986 
										1766) pixel375> 39.5 56  45.7143 5.92857 
											3532) pixel602< 68.5 7  11.7143 4.42857 *
											3533) pixel602>=68.5 49  16 6.14286 
												7066) pixel322< 216.5 42  0.97619 5.97619 
													14132) pixel157< 66.5 7  0.857143 5.85714 *
													14133) pixel157>=66.5 35  0 6 *
												7067) pixel322>=216.5 7  6.85714 7.14286 *
										1767) pixel375<=39.5 13  9.69231 7.84615 *
							221) pixel550<=10.5 284  899.915 6.3662 
								442) pixel606> 5 8  3.5 2.25 *
								443) pixel606<=5 276  756.942 6.48551 
									886) pixel428> 39.5 38  146.868 4.76316 
										1772) pixel296< 80.5 27  63.8519 3.92593 
											3544) pixel511> 3 11  18.9091 2.90909 *
											3545) pixel511<=3 16  25.75 4.625 *
										1773) pixel296>=80.5 11  17.6364 6.81818 *
									887) pixel428<=39.5 238  479.349 6.7605 
										1774) pixel326< 12.5 45  167.2 5.8 
											3548) pixel410> 253.5 7  21.7143 3.57143 *
											3549) pixel410<=253.5 38  104.316 6.21053 
												7098) pixel657< 153.5 24  75.8333 5.58333 
													14196) pixel404> 28 9  23.5556 4.22222 *
													14197) pixel404<=28 15  25.6 6.4 *
												7099) pixel657>=153.5 14  2.85714 7.28571 *
										1775) pixel326>=12.5 193  260.953 6.98446 
											3550) pixel320< 47.5 159  153.069 6.8239 
												7100) pixel403> 86.5 9  37.5556 4.77778 *
												7101) pixel403<=86.5 150  75.5733 6.94667 
													14202) pixel409< 19.5 7  32.8571 5.85714 *
													14203) pixel409>=19.5 143  34 7 
														28406) pixel438> 253.5 7  21.4286 6.28571 *
														28407) pixel438<=253.5 136  8.81618 7.03676 
															56814) pixel235> 105.5 125  0 7 *
															56815) pixel235<=105.5 11  6.72727 7.45455 *
											3551) pixel320>=47.5 34  84.6176 7.73529 
												7102) pixel212< 6 7  19.7143 5.42857 *
												7103) pixel212>=6 27  18 8.33333 
													14206) pixel541> 2.5 13  6.76923 7.69231 *
													14207) pixel541<=2.5 14  0.928571 8.92857 *
						111) pixel316>=1.5 68  126.632 8.07353 
							222) pixel326< 6 15  68.9333 6.93333 *
							223) pixel326>=6 53  32.6792 8.39623 
								446) pixel231> 248.5 9  2 7.33333 *
								447) pixel231<=248.5 44  18.4318 8.61364 
									894) pixel658> 5.5 19  9.78947 8.10526 *
									895) pixel658<=5.5 25  0 9 *
		7) pixel290>=0.5 4319  22561.6 6.18662 
			14) pixel714< 0.5 3485  18454 5.82726 
				28) pixel710< 0.5 3033  16053.2 5.57929 
					56) pixel717< 0.5 2757  13466.9 5.34022 
						112) pixel408< 34.5 341  2568.86 3.46628 
							224) pixel271> 59 162  1119.78 2.03704 
								448) pixel627> 36 118  482.992 1.00847 
									896) pixel484> 9.5 90  44.6222 0.244444 
										1792) pixel429> 6 81  3.95062 0.0246914 
											3584) pixel100< 1 74  0 0 *
											3585) pixel100>=1 7  3.42857 0.285714 *
										1793) pixel429<=6 9  1.55556 2.22222 *
									897) pixel484<=9.5 28  216.964 3.46429 
										1794) pixel682< 2 18  60.9444 2.05556 *
										1795) pixel682>=2 10  56 6 *
								449) pixel627<=36 44  177.159 4.79545 
									898) pixel493> 235 30  59.8667 4.06667 
										1796) pixel438> 252.5 21  28.9524 3.61905 
											3592) pixel241> 24.5 7  22.8571 2.85714 *
											3593) pixel241<=24.5 14  0 4 *
										1797) pixel438<=252.5 9  16.8889 5.11111 *
									899) pixel493<=235 14  67.2143 6.35714 *
							225) pixel271<=59 179  818.67 4.75978 
								450) pixel240> 227.5 32  233.5 2.875 
									900) pixel570> 86 18  66.2778 1.38889 *
									901) pixel570<=86 14  76.3571 4.78571 *
								451) pixel240<=227.5 147  446.748 5.17007 
									902) pixel266> 149 28  98 4 
										1804) pixel373< 119 11  34.7273 2.45455 *
										1805) pixel373>=119 17  20 5 *
									903) pixel266<=149 119  301.395 5.44538 
										1806) pixel298> 216 7  58 3 *
										1807) pixel298<=216 112  198.92 5.59821 
											3614) pixel219> 69.5 13  6 4 *
											3615) pixel219<=69.5 99  155.354 5.80808 
												7230) pixel632> 92 42  34.4048 5.11905 
													14460) pixel520< 116 35  19.5429 4.88571 
														28920) pixel576> 226.5 9  11.5556 4.22222 *
														28921) pixel576<=226.5 26  2.65385 5.11538 
															57842) pixel206> 64.5 19  0 5 *
															57843) pixel206<=64.5 7  1.71429 5.42857 *
													14461) pixel520>=116 7  3.42857 6.28571 *
												7231) pixel632<=92 57  86.3158 6.31579 
													14462) pixel240< 85.5 50  49.68 6.08 
														28924) pixel266< 9 41  32.3902 5.87805 
															57848) pixel347< 236 28  12.6786 5.60714 
																115696) pixel576< 195 7  3.42857 4.71429 *
																115697) pixel576>=195 21  1.80952 5.90476 
																	231394) pixel124< 1 7  1.42857 5.71429 *
																	231395) pixel124>=1 14  0 6 *
															57849) pixel347>=236 13  13.2308 6.46154 *
														28925) pixel266>=9 9  8 7 *
													14463) pixel240>=85.5 7  14 8 *
						113) pixel408>=34.5 2416  9531.51 5.60472 
							226) pixel564> 6.5 78  160.718 3.20513 
								452) pixel347< 138.5 45  16.5778 2.37778 
									904) pixel376< 10 27  4.96296 1.96296 
										1808) pixel160> 249.5 7  3.42857 1.71429 *
										1809) pixel160<=249.5 20  0.95 2.05 
											3618) pixel128< 104 13  0 2 *
											3619) pixel128>=104 7  0.857143 2.14286 *
									905) pixel376>=10 18  0 3 *
								453) pixel347>=138.5 33  71.3333 4.33333 
									906) pixel238< 237 19  16.7368 3.47368 *
									907) pixel238>=237 14  21.5 5.5 *
							227) pixel564<=6.5 2338  8906.68 5.68477 
								454) pixel209< 17.5 662  1605.9 4.95921 
									908) pixel153< 26.5 527  970.964 4.6888 
										1816) pixel293< 87.5 409  264.68 4.31785 
											3632) pixel95< 0.5 355  88.6366 4.06197 
												7264) pixel359< 98 348  49.7126 4.02874 
													14528) pixel568> 60.5 7  6.85714 3.14286 *
													14529) pixel568<=60.5 341  37.2493 4.04692 
														29058) pixel349< 226.5 334  16.7575 4.02695 
															58116) pixel437> 8.5 327  8.92355 4.01529 
																116232) pixel381> 2 315  4.99683 4.00317 
																	232464) pixel121< 6.5 308  0.996753 3.99675 
																		464928) pixel237> 65 7  0.857143 3.85714 *
																		464929) pixel237<=65 301  0 4 *
																	232465) pixel121>=6.5 7  3.42857 4.28571 *
																116233) pixel381<=2 12  2.66667 4.33333 *
															58117) pixel437<=8.5 7  5.71429 4.57143 *
														29059) pixel349>=226.5 7  14 5 *
												7265) pixel359>=98 7  19.4286 5.71429 *
											3633) pixel95>=0.5 54  0 6 *
										1817) pixel293>=87.5 118  454.924 5.97458 
											3634) pixel494> 4.5 66  209.591 5.22727 
												7268) pixel499> 67 7  3.71429 2.42857 *
												7269) pixel499<=67 59  144.542 5.55932 
													14538) pixel286< 19 47  92.6383 5.17021 
														29076) pixel462> 252.5 8  3.875 3.625 *
														29077) pixel462<=252.5 39  65.7436 5.48718 
															58154) pixel408< 245.5 22  9.81818 4.90909 
																116308) pixel378< 28.5 7  1.42857 4.28571 *
																116309) pixel378>=28.5 15  4.4 5.2 *
															58155) pixel408>=245.5 17  39.0588 6.23529 *
													14539) pixel286>=19 12  16.9167 7.08333 *
											3635) pixel494<=4.5 52  161.692 6.92308 
												7270) pixel439> 88.5 12  42.25 5.25 *
												7271) pixel439<=88.5 40  75.775 7.425 
													14542) pixel429< 49.5 24  29.9583 6.79167 
														29084) pixel322< 12 9  14.8889 5.88889 *
														29085) pixel322>=12 15  3.33333 7.33333 *
													14543) pixel429>=49.5 16  21.75 8.375 *
									909) pixel153>=26.5 135  445.97 6.01481 
										1818) pixel239> 224.5 10  2.1 2.7 *
										1819) pixel239<=224.5 125  325.2 6.28 
											3638) pixel595> 192.5 11  52.1818 3.72727 *
											3639) pixel595<=192.5 114  194.421 6.52632 
												7278) pixel271< 29 87  117.747 6.16092 
													14556) pixel240< 1.5 71  37.493 5.91549 
														29112) pixel302< 12 60  13.7333 5.73333 
															58224) pixel659> 7.5 14  2 5 *
															58225) pixel659<=7.5 46  1.91304 5.95652 
																116450) pixel100> 139.5 7  1.42857 5.71429 *
																116451) pixel100<=139.5 39  0 6 *
														29113) pixel302>=12 11  10.9091 6.90909 *
													14557) pixel240>=1.5 16  57 7.25 *
												7279) pixel271>=29 27  27.6296 7.7037 
													14558) pixel154< 180 7  17.4286 6.71429 *
													14559) pixel154>=180 20  0.95 8.05 
														29118) pixel151> 199.5 13  0 8 *
														29119) pixel151<=199.5 7  0.857143 8.14286 *
								455) pixel209>=17.5 1676  6814.63 5.97136 
									910) pixel329< 0.5 1293  5107.97 5.69915 
										1820) pixel595> 15.5 301  1011.75 4.65781 
											3640) pixel346< 44 77  142.805 2.74026 
												7280) pixel321< 163 65  22.2154 2.32308 
													14560) pixel489> 3 46  2.97826 2.02174 
														29120) pixel541> 121 39  0.974359 1.97436 
															58240) pixel149> 6.5 7  0.857143 1.85714 *
															58241) pixel149<=6.5 32  0 2 *
														29121) pixel541<=121 7  1.42857 2.28571 *
													14561) pixel489<=3 19  4.94737 3.05263 *
												7281) pixel321>=163 12  48 5 *
											3641) pixel346>=44 224  488.496 5.31696 
												7282) pixel486< 8.5 154  125.123 4.88961 
													14564) pixel295> 245.5 13  9.23077 3.46154 *
													14565) pixel295<=245.5 141  86.9362 5.02128 
														29130) pixel327< 15.5 134  22.6343 4.94776 
															58260) pixel498> 211.5 7  6.85714 4.14286 *
															58261) pixel498<=211.5 127  10.9921 4.99213 
																116522) pixel350> 254.5 7  5.71429 4.42857 *
																116523) pixel350<=254.5 120  2.925 5.025 
																	233046) pixel377> 7.5 113  0 5 *
																	233047) pixel377<=7.5 7  1.71429 5.42857 *
														29131) pixel327>=15.5 7  49.7143 6.42857 *
												7283) pixel486>=8.5 70  273.371 6.25714 
													14566) pixel267> 208 17  93.5294 4.29412 *
													14567) pixel267<=208 53  93.3208 6.88679 
														29134) pixel325< 18.5 24  24.9583 5.70833 
															58268) pixel180> 34 7  11.4286 4.71429 *
															58269) pixel180<=34 17  3.76471 6.11765 *
														29135) pixel325>=18.5 29  7.44828 7.86207 
															58270) pixel127> 35 7  5.71429 7.42857 *
															58271) pixel127<=35 22  0 8 *
										1821) pixel595<=15.5 992  3670.77 6.01512 
											3642) pixel439> 4.5 597  1554.2 5.62312 
												7284) pixel239> 243 110  439.491 4.50909 
													14568) pixel373< 20 32  62.9688 2.96875 
														29136) pixel523< 98 9  4.88889 1.88889 *
														29137) pixel523>=98 23  43.4783 3.3913 
															58274) pixel152> 13 16  1.75 2.875 *
															58275) pixel152<=13 7  27.7143 4.57143 *
													14569) pixel373>=20 78  269.449 5.14103 
														29138) pixel356< 101.5 66  194.439 4.80303 
															58276) pixel488< 252.5 43  87.1628 4.13953 
																116552) pixel296> 165 16  25.75 2.875 *
																116553) pixel296<=165 27  20.6667 4.88889 
																	233106) pixel184< 124.5 7  4.85714 3.85714 *
																	233107) pixel184>=124.5 20  5.75 5.25 
																		466214) pixel214> 206 13  0.923077 4.92308 *
																		466215) pixel214<=206 7  0.857143 5.85714 *
															58277) pixel488>=252.5 23  52.9565 6.04348 
																116554) pixel547> 70.5 16  15 5.25 *
																116555) pixel547<=70.5 7  4.85714 7.85714 *
														29139) pixel356>=101.5 12  26 7 *
												7285) pixel239<=243 487  947.359 5.87474 
													14570) pixel691< 27 462  763.284 5.76407 
														29140) pixel514< 1.5 124  294 5 
															58280) pixel183< 3.5 38  8 4 
																116560) pixel179> 199.5 7  1.71429 3.57143 *
																116561) pixel179<=199.5 31  4.70968 4.09677 
																	233122) pixel318> 231 24  0 4 *
																	233123) pixel318<=231 7  3.71429 4.42857 *
															58281) pixel183>=3.5 86  231.209 5.44186 
																116562) pixel461< 212.5 69  91.7681 4.94203 
																	233124) pixel262< 3.5 7  1.42857 3.28571 *
																	233125) pixel262>=3.5 62  68.9677 5.12903 
																		466250) pixel353< 252.5 55  12.8364 4.94545 
																			932500) pixel323> 82 7  4.85714 4.14286 *
																			932501) pixel323<=82 48  2.8125 5.0625 
																				1865002) pixel180> 34.5 41  0 5 *
																				1865003) pixel180<=34.5 7  1.71429 5.42857 *
																		466251) pixel353>=252.5 7  39.7143 6.57143 *
																116563) pixel461>=212.5 17  52.2353 7.47059 *
														29141) pixel514>=1.5 338  370.334 6.04438 
															58282) pixel656< 245.5 316  279.326 5.92722 
																116564) pixel216> 75 19  48.7368 4.47368 *
																116565) pixel216<=75 297  187.879 6.0202 
																	233130) pixel272< 21.5 290  149.655 5.96552 
																		466260) pixel213> 247 10  16.4 4.4 *
																		466261) pixel213<=247 280  107.871 6.02143 
																			932522) pixel661< 45.5 266  59.4586 5.95489 
																				1865044) pixel241> 5 7  5.71429 4.57143 *
																				1865045) pixel241<=5 259  39.9846 5.99228 
																					3730090) pixel439< 22.5 7  20.8571 5.14286 *
																					3730091) pixel439>=22.5 252  13.9365 6.01587 
																						7460182) pixel543> 41 245  0.995918 5.99592 
																							14920364) pixel213> 116 7  0.857143 5.85714 *
																							14920365) pixel213<=116 238  0 6 *
																						7460183) pixel543<=41 7  9.42857 6.71429 *
																			932523) pixel661>=45.5 14  24.8571 7.28571 *
																	233131) pixel272>=21.5 7  1.42857 8.28571 *
															58283) pixel656>=245.5 22  24.3636 7.72727 
																116566) pixel159> 4.5 7  18 7 *
																116567) pixel159<=4.5 15  0.933333 8.06667 *
													14571) pixel691>=27 25  73.84 7.92 
														29142) pixel355< 2 8  30.875 6.125 *
														29143) pixel355>=2 17  5.05882 8.76471 *
											3643) pixel439<=4.5 395  1886.18 6.60759 
												7286) pixel582> 1.5 17  51.7647 2.88235 *
												7287) pixel582<=1.5 378  1587.89 6.77513 
													14574) pixel183< 105 115  461.043 5.86957 
														29148) pixel211< 12 61  212.984 4.98361 
															58296) pixel492> 250 15  21.6 3.4 *
															58297) pixel492<=250 46  141.5 5.5 
																116594) pixel350< 8.5 34  78.9706 4.97059 
																	233188) pixel290< 234 20  23.2 4.2 
																		466376) pixel379> 42 11  6.54545 3.63636 *
																		466377) pixel379<=42 9  8.88889 4.88889 *
																	233189) pixel290>=234 14  26.9286 6.07143 *
																116595) pixel350>=8.5 12  26 7 *
														29149) pixel211>=12 54  146.093 6.87037 
															58298) pixel324< 60.5 26  57.3846 5.84615 
																116596) pixel210> 204 16  24.9375 5.0625 *
																116597) pixel210<=204 10  6.9 7.1 *
															58299) pixel324>=60.5 28  36.1071 7.82143 
																116598) pixel351< 150.5 13  14 7 *
																116599) pixel351>=150.5 15  5.73333 8.53333 *
													14575) pixel183>=105 263  991.3 7.1711 
														29150) pixel299< 1 109  529.284 6.26606 
															58300) pixel295> 252.5 13  63.0769 3.38462 *
															58301) pixel295<=252.5 96  343.656 6.65625 
																116602) pixel577> 94 64  200.984 6.01562 
																	233204) pixel487< 178.5 36  88.75 5.08333 
																		466408) pixel517< 51 27  16.7407 4.48148 
																			932816) pixel296> 54.5 9  2.22222 3.44444 *
																			932817) pixel296<=54.5 18  0 5 *
																		466409) pixel517>=51 9  32.8889 6.88889 *
																	233205) pixel487>=178.5 28  40.7143 7.21429 
																		466410) pixel237> 149.5 13  11.6923 6.15385 *
																		466411) pixel237<=149.5 15  1.73333 8.13333 *
																116603) pixel577<=94 32  63.875 7.9375 
																	233206) pixel602> 243 7  21.7143 6.57143 *
																	233207) pixel602<=243 25  25.44 8.32 
																		466414) pixel575< 15 11  12.7273 7.54545 *
																		466415) pixel575>=15 14  0.928571 8.92857 *
														29151) pixel299>=1 154  309.539 7.81169 
															58302) pixel127> 180.5 8  72 5 *
															58303) pixel127<=180.5 146  170.829 7.96575 
																116606) pixel318< 32 22  121.818 6.90909 
																	233212) pixel185> 252.5 9  75.5556 5.22222 *
																	233213) pixel185<=252.5 13  2.92308 8.07692 *
																116607) pixel318>=32 124  20.0887 8.15323 
																	233214) pixel570> 2 93  4 8 
																		466428) pixel184< 73 7  1.42857 7.71429 *
																		466429) pixel184>=73 86  1.95349 8.02326 
																			932858) pixel487> 1 78  0 8 *
																			932859) pixel487<=1 8  1.5 8.25 *
																	233215) pixel570<=2 31  7.35484 8.6129 
																		466430) pixel517> 162 14  1.71429 8.14286 *
																		466431) pixel517<=162 17  0 9 *
									911) pixel329>=0.5 383  1287.39 6.89034 
										1822) pixel185< 36.5 143  323.273 5.81818 
											3644) pixel429> 7.5 103  180.233 5.37864 
												7288) pixel245> 6.5 37  34.2703 4.21622 
													14576) pixel239< 172.5 29  1.86207 3.93103 
														29152) pixel239> 12 7  1.42857 3.71429 *
														29153) pixel239<=12 22  0 4 *
													14577) pixel239>=172.5 8  21.5 5.25 *
												7289) pixel245<=6.5 66  67.9394 6.0303 
													14578) pixel287< 126 58  30.9138 5.81034 
														29156) pixel272> 20 12  14.9167 4.91667 *
														29157) pixel272<=20 46  3.91304 6.04348 
															58314) pixel127> 2 39  0 6 *
															58315) pixel127<=2 7  3.42857 6.28571 *
													14579) pixel287>=126 8  13.875 7.625 *
											3645) pixel429<=7.5 40  71.9 6.95 
												7290) pixel432< 181 28  53 6.5 
													14580) pixel626< 138.5 11  30.7273 5.45455 *
													14581) pixel626>=138.5 17  2.47059 7.17647 *
												7291) pixel432>=181 12  0 8 *
										1823) pixel185>=36.5 240  701.796 7.52917 
											3646) pixel405< 12.5 31  281.548 5.58065 
												7292) pixel594> 135 8  0 2 *
												7293) pixel594<=135 23  143.304 6.82609 
													14586) pixel316< 1.5 8  57.5 4.25 *
													14587) pixel316>=1.5 15  4.4 8.2 *
											3647) pixel405>=12.5 209  285.091 7.81818 
												7294) pixel482> 78.5 24  87.625 6.375 
													14588) pixel516> 18.5 12  34 5 *
													14589) pixel516<=18.5 12  8.25 7.75 *
												7295) pixel482<=78.5 185  140.995 8.00541 
													14590) pixel541> 1 145  112.028 7.83448 
														29180) pixel404< 32.5 18  85.1111 6.77778 *
														29181) pixel404>=32.5 127  3.9685 7.98425 
															58362) pixel413> 103 7  3.42857 7.71429 *
															58363) pixel413<=103 120  0 8 *
													14591) pixel541<=1 40  9.375 8.625 
														29182) pixel633> 94 10  0 8 *
														29183) pixel633<=94 30  4.16667 8.83333 
															58366) pixel383< 170.5 8  1.875 8.375 *
															58367) pixel383>=170.5 22  0 9 *
					57) pixel717>=0.5 276  854.707 7.96739 
						114) pixel209< 76 77  273.532 6.07792 
							228) pixel265< 35.5 34  54.2353 4.41176 
								456) pixel434> 2.5 27  16.6667 4.11111 
									912) pixel216< 105.5 20  0.95 3.95 
										1824) pixel178> 132.5 7  0.857143 3.85714 *
										1825) pixel178<=132.5 13  0 4 *
									913) pixel216>=105.5 7  13.7143 4.57143 *
								457) pixel434<=2.5 7  25.7143 5.57143 *
							229) pixel265>=35.5 43  50.2791 7.39535 
								458) pixel376< 5 34  24.9706 7.02941 
									916) pixel399< 191 27  12.0741 6.81482 
										1832) pixel289< 137 7  9.42857 6.28571 *
										1833) pixel289>=137 20  0 7 *
									917) pixel399>=191 7  6.85714 7.85714 *
								459) pixel376>=5 9  3.55556 8.77778 *
						115) pixel209>=76 199  199.91 8.69849 
							230) pixel292> 218 25  77.36 7.84 
								460) pixel268< 180 9  40.2222 6.44444 *
								461) pixel268>=180 16  9.75 8.625 *
							231) pixel292<=218 174  101.477 8.82184 
								462) pixel216> 9.5 7  35.7143 7.57143 *
								463) pixel216<=9.5 167  54.3593 8.87425 
									926) pixel231> 131 7  21.4286 7.71429 *
									927) pixel231<=131 160  23.1 8.925 
										1854) pixel289< 135 18  12.4444 8.55556 *
										1855) pixel289>=135 142  7.88732 8.97183 
											3710) pixel210> 254.5 16  7 8.75 *
											3711) pixel210<=254.5 126  0 9 *
				29) pixel710>=0.5 452  962.965 7.49115 
					58) pixel239< 56.5 46  179.304 5.56522 
						116) pixel460> 33.5 18  26.5 4.16667 *
						117) pixel460<=33.5 28  94.9643 6.46429 
							234) pixel188> 5.5 10  38 5 *
							235) pixel188<=5.5 18  23.6111 7.27778 *
					59) pixel239>=56.5 406  593.704 7.70936 
						118) pixel432< 1 234  162.329 7.10684 
							236) pixel350< 160.5 216  98.8843 6.97685 
								472) pixel518< 0.5 7  40.8571 4.85714 *
								473) pixel518>=0.5 209  25.5215 7.04785 
									946) pixel186< 245 198  8 7 
										1892) pixel518< 65.5 7  3.42857 6.71429 *
										1893) pixel518>=65.5 191  3.97906 7.01047 
											3786) pixel299> 4 184  0 7 *
											3787) pixel299<=4 7  3.42857 7.28571 *
									947) pixel186>=245 11  8.90909 7.90909 *
							237) pixel350>=160.5 18  16 8.66667 *
						119) pixel432>=1 172  230.855 8.52907 
							238) pixel574< 1 15  56.4 6.2 *
							239) pixel574>=1 157  85.3121 8.75159 
								478) pixel542> 5.5 19  30.7368 7.47368 *
								479) pixel542<=5.5 138  19.2754 8.92754 
									958) pixel440> 40.5 12  10.6667 8.33333 *
									959) pixel440<=40.5 126  3.96825 8.98413 
										1918) pixel382< 33.5 7  3.42857 8.71429 *
										1919) pixel382>=33.5 119  0 9 *
			15) pixel714>=0.5 834  1776.94 7.68825 
				30) pixel211< 82 232  443.272 6.44397 
					60) pixel266< 5.5 53  81.2453 4.50943 
						120) pixel320< 212 46  32.6087 4.17391 
							240) pixel382> 78.5 39  0 4 *
							241) pixel382<=78.5 7  24.8571 5.14286 *
						121) pixel320>=212 7  9.42857 6.71429 *
					61) pixel266>=5.5 179  104.95 7.01676 
						122) pixel354< 48 14  19.7143 6.14286 *
						123) pixel354>=48 165  73.6364 7.09091 
							246) pixel405< 107 155  38.9419 6.98065 
								492) pixel430> 201.5 7  24 6 *
								493) pixel430<=201.5 148  7.89189 7.02703 
									986) pixel427< 234 141  0 7 *
									987) pixel427>=234 7  5.71429 7.57143 *
							247) pixel405>=107 10  3.6 8.8 *
				31) pixel211>=82 602  836.055 8.16777 
					62) pixel432< 1 212  187.811 7.37736 
						124) pixel487< 63 185  116.465 7.17297 
							248) pixel350< 206.5 163  50.9448 7.0184 
								496) pixel326< 5.5 14  16.3571 6.21429 *
								497) pixel326>=5.5 149  24.6846 7.09396 
									994) pixel376< 174.5 142  3.97183 7.01408 
										1988) pixel234> 17.5 135  0 7 *
										1989) pixel234<=17.5 7  3.42857 7.28571 *
									995) pixel376>=174.5 7  1.42857 8.71429 *
							249) pixel350>=206.5 22  32.7727 8.31818 
								498) pixel605> 100.5 7  14.8571 7.14286 *
								499) pixel605<=100.5 15  3.73333 8.86667 *
						125) pixel487>=63 27  10.6667 8.77778 
							250) pixel233> 30.5 7  6.85714 8.14286 *
							251) pixel233<=30.5 20  0 9 *
					63) pixel432>=1 390  443.797 8.59744 
						126) pixel524> 58.5 10  19.6 5.2 *
						127) pixel524<=58.5 380  305.734 8.68684 
							254) pixel205> 45 45  114.578 7.62222 
								508) pixel327< 25.5 11  22.1818 5.72727 *
								509) pixel327>=25.5 34  40.1176 8.23529 
									1018) pixel571> 5 18  25.6111 7.72222 *
									1019) pixel571<=5 16  4.4375 8.8125 *
							255) pixel205<=45 335  133.301 8.82985 
								510) pixel520< 23 26  34.6538 7.88462 
									1020) pixel210< 235 8  16.875 6.875 *
									1021) pixel210>=235 18  6 8.33333 *
								511) pixel520>=23 309  73.4628 8.90938 
									1022) pixel570> 31 9  0 8 *
									1023) pixel570<=31 300  65.7967 8.93667 
										2046) pixel317< 0.5 11  10.1818 8.27273 *
										2047) pixel317>=0.5 289  50.5813 8.96194 
											4094) pixel320> 208.5 17  44.1176 8.41177 *
											4095) pixel320<=208.5 272  0.996324 8.99632 
												8190) pixel600> 193.5 7  0.857143 8.85714 *
												8191) pixel600<=193.5 265  0 9 *
