hh336
hh1205
hh1045
hh1212
hh933
hh834
hh254
hh934
hh603
hh981
1105
766
790
704
271
383
735
1102
983
1250
hh786
hh897
hh1019
hh700
hh421
hh217
hh854
hh4
hh744
hh852
1191
315
66
567
123
719
777
586
491
715
quality volatile.acidity citric.acid residual.sugar chlorides free.sulfur.dioxide total.sulfur.dioxide density pH sulphates alcohol fixed.acidity 
6 0.58 0.23 2.3 0.076 23 94 0.99686 3.21 0.58 9.5 7.9 
6 0.54 0.26 2 0.088 23 48 0.9981 3.41 0.74 9.2 7.8 
6 0.49 0.2 2.6 0.332 8 14 0.9968 3.21 0.9 10.5 7.5 
5 0.66 0 2.5 0.066 7 15 0.99256 3.52 0.58 12.9 5.6 
6 0.35 0.49 2.6 0.079 27 69 0.9994 3.12 0.75 10.4 12.4 
6 0.41 0.63 3.8 0.089 6 47 1.0014 3.01 0.81 10.8 14 
6 0.545 0.18 1.9 0.08 13 35 0.9972 3.3 0.59 9 8.1 
5 0.54 0.13 2 0.076 15 36 0.9973 3.61 0.64 9.8 6.7 
5 0.64 0.21 2.2 0.077 32 133 0.9956 3.27 0.45 9.9 7.7 
4 0.84 0.02 4.4 0.096 5 13 0.997 3.41 0.57 11 7.1 
quality volatile.acidity citric.acid residual.sugar chlorides free.sulfur.dioxide total.sulfur.dioxide density pH sulphates alcohol fixed.acidity 
7 0.31 0.53 2.2 0.06 3 10 0.99572 3.02 0.83 10.9 11.1 
6 0.5 0.49 2.6 0.25 5 20 0.999 3.31 0.79 10.7 9.8 
6 0.46 0.26 1.9 0.088 23 53 0.9981 3.43 0.74 9.2 7.8 
5 0.38 0.48 1.8 0.157 5 17 0.9976 3.3 1.05 9.4 8.1 
6 0.44 0 1.6 0.042 3 11 0.9944 3.48 0.85 11.7 5.9 
5 0.45 0.49 1.4 0.075 3 6 0.9969 3.13 0.63 10.4 12.2 
5 0.66 0.07 1.6 0.07 16 61 0.99572 3.29 0.6 9.3 6.8 
6 0.39 0.4 1.3 0.044 25 50 0.99478 3.2 0.83 10.9 9 
6 0.38 0.32 2.5 0.08 24 71 0.99624 3.27 0.85 11 8.2 
5 0.83 0.37 2.6 0.086 26 70 0.9981 3.16 0.52 9.9 10.6 
Error: 0.423197
