
Warning: splitting data set to false and no test data supplied...
Building tree...
fixed.acidity
	12.05	1	0.00443873	200.656
	5.55	1	0.0158998	803.357
1004.01	0.0203386
volatile.acidity
	0.355	1	0.075936	186.246
	0.425	1	0.116299	721.398
907.644	0.192235
citric.acid
	0.525	-1	0.0399651	193.496
	0.295	-1	0.0627693	765.096
958.592	0.102734
residual.sugar
	5.175	-1	0.0238237	196.749
	2.55	1	0.00362995	813.374
1010.12	0.0274537
chlorides
	0.1385	1	0.050941	191.284
	0.0665	1	0.0543422	771.976
963.259	0.105283
free.sulfur.dioxide
	37	-1	0.0232926	196.856
	3.5	1	0.0019181	814.771
1011.63	0.0252107
total.sulfur.dioxide
	46.5	1	0.0388151	193.728
	59.5	1	0.0350436	787.73
981.457	0.0738587
density
	0.997815	1	0.0709744	187.246
	0.995565	1	0.110479	726.149
913.395	0.181453
pH
	3.325	1	0.0215689	197.203
	3.175	-1	0.00645044	811.071
1008.27	0.0280193
sulphates
	0.645	-1	0.143556	172.617
	0.685	-1	0.111747	725.114
897.731	0.255303
alcohol
	10.45	-1	0.136951	173.948
	11.25	-1	0.19892	653.952
827.9	0.335871
9.95, fixed.acidity, 0.342475
New Best! 826.569 0  0.342475
9.95, fixed.acidity, 0.342475
fixed.acidity
	8.15	-1	0.0172307	330.639
	5.55	1	0.0170619	576.902
907.541	0.0342925
volatile.acidity
	0.3625	1	0.0464256	320.816
	0.8675	1	0.0479857	558.753
879.569	0.0944113
citric.acid
	0.255	-1	0.0410887	322.612
	0.515	-1	0.0226037	573.65
896.262	0.0636924
residual.sugar
	3.45	-1	0.00574692	334.502
	1.625	-1	0.00888628	581.701
916.203	0.0146332
chlorides
	0.0785	1	0.0728408	311.929
	0.0665	1	0.024091	572.777
884.706	0.0969318
free.sulfur.dioxide
	24.5	1	0.025337	327.911
	5.25	-1	0.00815695	582.129
910.04	0.0334939
total.sulfur.dioxide
	44.5	1	0.0710451	312.533
	107	1	0.0253008	572.067
884.6	0.0963459
density
	0.99538	1	0.11216	298.701
	0.99241	1	0.0396227	563.661
862.362	0.151783
pH
	3.415	1	0.0122536	332.313
	3.315	-1	0.00239234	585.512
917.825	0.0146459
sulphates
	0.685	-1	0.121739	295.478
	0.575	-1	0.0913481	533.303
828.781	0.213087
alcohol
	10.75	-1	0.207094	266.762
	11.45	-1	0.139419	505.089
771.85	0.346514
0.425, volatile.acidity, 0.346514
New Best! 771.85 0.342475  0.346514
0.425, volatile.acidity, 0.346514
fixed.acidity
	7.85	-1	0.0032366	503.147
	5.55	1	0.040759	443.25
946.397	0.0439956
volatile.acidity
	0.3625	1	0.112996	447.743
	0.8675	1	0.0632431	432.86
880.603	0.176239
citric.acid
	0.655	-1	0.0061424	501.68
	0.185	1	0.00427679	460.108
961.788	0.0104192
residual.sugar
	10.95	1	0.00494284	502.286
	3.25	1	0.0131787	455.994
958.28	0.0181215
chlorides
	0.0785	1	0.0495674	479.76
	0.0655	1	0.0378429	444.598
924.358	0.0874102
free.sulfur.dioxide
	13.5	1	0.0312055	489.029
	12.5	-1	0.0193452	453.145
942.174	0.0505506
total.sulfur.dioxide
	60.5	1	0.106888	450.826
	14.5	-1	0.0261667	449.993
900.819	0.133055
density
	0.99553	1	0.135659	436.302
	0.99278	1	0.0701523	429.668
865.97	0.205812
pH
	3.415	1	0.00700017	501.247
	3.315	-1	0.0191747	453.224
954.471	0.0261749
sulphates
	0.645	-1	0.115024	446.719
	0.555	-1	0.0968439	417.334
864.053	0.211868
alcohol
	10.55	-1	0.245111	381.053
	11.45	-1	0.113159	409.795
790.848	0.35827
0.295, citric.acid, 0.35827
New Best! 790.848 0.346514  0.35827
0.295, citric.acid, 0.35827
fixed.acidity
	9.95	-1	0.0253798	913.339
	8.85	-1	0.0629153	94.5385
1007.88	0.0882951
volatile.acidity
	0.425	1	0.111159	832.953
	0.375	1	0.17986	82.7404
915.693	0.291019
citric.acid
	0.295	-1	0.0702115	871.326
	0.335	-1	0.107965	89.9936
961.319	0.178177
residual.sugar
	2.375	-1	0.00141256	935.799
	1.45	1	0.0274143	98.12
1033.92	0.0288269
chlorides
	0.0755	1	0.0367165	902.715
	0.0675	1	0.151853	85.5659
988.281	0.18857
free.sulfur.dioxide
	18.5	1	0.00467338	932.743
	26.5	1	0.0133329	99.5406
1032.28	0.0180063
total.sulfur.dioxide
	59.5	1	0.0458311	894.173
	86.5	-1	0.0100958	99.8672
994.041	0.055927
density
	0.995455	1	0.0803486	861.826
	0.99288	1	0.0993401	90.8637
952.69	0.179689
pH
	3.425	1	0.00609227	931.413
	3.05	1	0.0329264	97.5639
1028.98	0.0390187
sulphates
	0.645	-1	0.127507	817.633
	0.635	-1	0.102745	90.5202
908.153	0.230252
alcohol
	10.525	-1	0.176585	771.641
	9.95	-1	0.213233	79.3735
851.014	0.389818
1.675, residual.sugar, 0.389818
New Best! 851.014 0.35827  0.389818
1.675, residual.sugar, 0.389818
fixed.acidity
	7.05	-1	0.0260581	216.792
	9.95	-1	0.0387392	750.345
967.138	0.0647973
volatile.acidity
	0.485	1	0.118114	196.301
	0.425	1	0.104742	698.824
895.126	0.222856
citric.acid
	0.275	-1	0.0846898	203.741
	0.305	-1	0.0741387	722.713
926.454	0.158829
residual.sugar
	1.95	-1	0.00561824	221.342
	1.675	-1	0.0131297	770.336
991.678	0.018748
chlorides
	0.0445	1	0.0102423	220.313
	0.0755	1	0.0122041	771.058
991.371	0.0224465
free.sulfur.dioxide
	9.5	-1	0.0137392	219.534
	24.5	1	0.00685328	775.235
994.769	0.0205925
total.sulfur.dioxide
	85.5	-1	0.0114427	220.046
	81.5	1	0.0467003	744.131
964.177	0.058143
density
	0.99538	1	0.0557683	210.179
	0.995565	1	0.0374936	751.318
961.497	0.0932619
pH
	3.335	1	0.0324081	215.379
	3.435	1	0.0101595	772.654
988.033	0.0425676
sulphates
	0.645	-1	0.173559	183.96
	0.625	-1	0.109427	695.167
879.127	0.282986
alcohol
	9.95	-1	0.116597	196.639
	11.25	-1	0.180279	639.862
836.5	0.296876
0.0665, chlorides, 0.353838
fixed.acidity
	8.85	-1	0.0424318	753.819
	6.75	1	0.0163323	247.289
1001.11	0.0587641
volatile.acidity
	0.405	1	0.132448	682.956
	0.3625	1	0.0846413	230.116
913.073	0.217089
citric.acid
	0.295	-1	0.100909	707.785
	0.355	-1	0.0259183	244.879
952.663	0.126827
residual.sugar
	2.35	-1	0.01068	778.815
	3.25	1	0.0207967	246.166
1024.98	0.0314767
chlorides
	0.0755	1	0.0324929	761.643
	0.0685	1	0.062586	235.661
997.304	0.0950789
free.sulfur.dioxide
	5.25	-1	0.00173658	785.855
	36.5	-1	0.00328983	250.567
1036.42	0.00502641
total.sulfur.dioxide
	53.5	1	0.0272223	765.792
	81.5	1	0.0926562	228.101
993.893	0.119878
density
	0.995235	1	0.048599	748.964
	0.99557	1	0.125188	219.923
968.887	0.173787
pH
	3.275	1	0.0167878	774.006
	3.045	1	0.0215932	245.966
1019.97	0.038381
sulphates
	0.645	-1	0.149712	669.365
	0.625	-1	0.0922894	228.193
897.559	0.242002
alcohol
	11.15	-1	0.157721	663.06
	10.15	-1	0.275805	182.059
845.119	0.433526
19.5, free.sulfur.dioxide, 0.433526
New Best! 845.119 0.389818  0.433526
19.5, free.sulfur.dioxide, 0.433526
fixed.acidity
	8.85	-1	0.0326616	794.986
	5.55	1	0.0628217	171.26
966.246	0.0954833
volatile.acidity
	0.425	1	0.124902	719.18
	0.305	1	0.108315	162.946
882.127	0.233217
citric.acid
	0.295	-1	0.113846	728.267
	0.535	-1	0.0156438	179.881
908.148	0.129489
residual.sugar
	2.375	-1	0.012697	811.394
	1.85	1	0.0180958	179.433
990.826	0.0307928
chlorides
	0.0755	1	0.0231469	802.806
	0.0525	1	0.10842	162.927
965.732	0.131567
free.sulfur.dioxide
	5.25	-1	0.00557517	817.246
	12.5	-1	0.0208034	178.938
996.185	0.0263785
total.sulfur.dioxide
	10.5	1	0.00337713	819.053
	109.5	1	0.0526116	173.125
992.178	0.0559887
density
	0.99539	1	0.0464096	783.688
	0.9933	1	0.213832	143.664
927.352	0.260242
pH
	3.355	1	0.0207557	804.771
	3.435	-1	0.0248575	178.197
982.968	0.0456132
sulphates
	0.645	-1	0.153923	695.33
	0.715	-1	0.045777	174.374
869.705	0.1997
alcohol
	10.45	-1	0.148334	699.923
	11.55	-1	0.242741	138.381
838.305	0.391075
59.5, total.sulfur.dioxide, 0.396663
fixed.acidity
	7.15	-1	0.0887304	232.045
	9.95	-1	0.0631938	675.247
907.291	0.151924
volatile.acidity
	0.435	1	0.183445	207.927
	0.5475	1	0.0929392	653.806
861.733	0.276384
citric.acid
	0.275	-1	0.199998	203.712
	0.305	-1	0.0705689	669.931
873.642	0.270567
residual.sugar
	1.675	-1	0.0478517	242.454
	2.375	-1	0.0102831	713.385
955.839	0.0581348
chlorides
	0.0795	1	0.035817	245.518
	0.0755	1	0.00900135	714.309
959.827	0.0448184
free.sulfur.dioxide
	8.5	-1	0.00854125	252.464
	14.5	1	0.00964077	713.848
966.312	0.018182
total.sulfur.dioxide
	12.5	1	0.00416768	253.578
	81.5	1	0.0461554	687.528
941.106	0.050323
density
	0.99241	1	0.0375664	245.073
	0.99833	-1	0.00575476	716.649
961.722	0.0433212
pH
	3.355	1	0.0406676	244.283
	3.245	1	0.0165797	708.846
953.129	0.0572473
sulphates
	0.635	-1	0.211858	200.692
	0.645	-1	0.123256	631.954
832.646	0.335114
alcohol
	11.45	-1	0.148518	216.82
	10.45	-1	0.127916	628.595
845.416	0.276433
0.99539, density, 0.339774
fixed.acidity
	8.85	-1	0.0478269	407.711
	5.55	1	0.0209114	595.915
1003.63	0.0687383
volatile.acidity
	0.385	1	0.182515	350.039
	0.425	1	0.0764275	562.126
912.165	0.258943
citric.acid
	0.275	-1	0.124524	374.87
	0.295	-1	0.0384694	585.229
960.099	0.162993
residual.sugar
	5.175	-1	0.010388	423.742
	1.625	-1	0.00818768	603.66
1027.4	0.0185757
chlorides
	0.0765	1	0.0617012	401.77
	0.0655	1	0.0345408	587.62
989.39	0.096242
free.sulfur.dioxide
	7.5	1	0.0395642	411.249
	7.5	-1	0.00954136	602.836
1014.08	0.0491056
total.sulfur.dioxide
	43.5	1	0.100502	385.156
	95	1	0.0224307	594.991
980.147	0.122933
density
	0.994985	1	0.0822409	392.975
	0.99539	1	0.0762229	562.251
955.226	0.158464
pH
	3.205	-1	0.00406912	426.447
	3.475	1	0.0041005	606.147
1032.59	0.00816963
sulphates
	0.625	-1	0.120858	376.44
	0.675	-1	0.132533	527.978
904.417	0.253391
alcohol
	10.55	-1	0.28554	305.924
	11.45	-1	0.148499	518.26
824.185	0.434039
3.275, pH, 0.434039
New Best! 824.185 0.433526  0.434039
3.275, pH, 0.434039
fixed.acidity
	5.7	1	0.0260902	433.787
	7.05	1	0.00263975	464.578
898.365	0.0287299
volatile.acidity
	0.425	1	0.104056	399.061
	0.5925	1	0.0553538	440.023
839.084	0.15941
citric.acid
	0.295	-1	0.0532604	421.686
	0.265	-1	0.0187529	457.072
878.758	0.0720133
residual.sugar
	2.025	-1	0.00926857	441.28
	8.2	-1	0.00886059	461.68
902.96	0.0181292
chlorides
	0.0795	1	0.0876454	406.37
	0.0685	1	0.0187764	457.061
863.431	0.106422
free.sulfur.dioxide
	7.5	1	0.0334733	430.499
	5.25	-1	0.00302598	464.398
894.897	0.0364992
total.sulfur.dioxide
	50.5	1	0.0911305	404.818
	46.5	1	0.0115013	460.45
865.268	0.102632
density
	0.99621	1	0.116673	393.441
	0.99539	1	0.0574998	439.023
832.464	0.174173
pH
	3.585	1	0.00932329	441.256
	3.015	1	0.00723371	462.438
903.693	0.016557
sulphates
	1.135	1	0.0306138	431.773
	0.535	-1	0.0407679	446.817
878.59	0.0713817
alcohol
	10.525	-1	0.208231	352.661
	11.45	-1	0.132909	403.897
756.558	0.34114
0.645, sulphates, 0.34114
fixed.acidity
	8.65	-1	0.0442344	413.15
	10.85	-1	0.0308401	411.078
824.227	0.0750745
volatile.acidity
	0.87	1	0.114826	382.635
	0.335	1	0.0638855	397.061
779.696	0.178712
citric.acid
	0.295	-1	0.108195	385.502
	0.295	-1	0.0174063	416.776
802.277	0.125601
residual.sugar
	2.975	1	0.00328159	430.853
	1.65	-1	0.00522527	421.942
852.795	0.00850686
chlorides
	0.0785	1	0.0183159	424.354
	0.0665	1	0.0122785	418.951
843.304	0.0305944
free.sulfur.dioxide
	5.5	-1	0.0097092	428.074
	31.5	1	0.00901637	420.334
848.408	0.0187256
total.sulfur.dioxide
	14.5	-1	0.00859305	428.557
	83.5	1	0.0274967	412.496
841.052	0.0360898
density
	0.99241	1	0.0189154	424.095
	0.998145	-1	0.010543	419.687
843.781	0.0294584
pH
	3.355	1	0.075576	399.602
	3.125	1	0.0104501	419.726
819.328	0.086026
sulphates
	0.645	-1	0.129197	376.423
	0.575	-1	0.0709728	394.055
770.478	0.20017
alcohol
	11.55	-1	0.103093	387.707
	9.85	-1	0.0521222	402.051
789.758	0.155215
10.525, alcohol, 0.20017
Building CP Table...
Creating tree file 'data/wine.delayed.tree'...
Creating CP table file 'data/wine.delayed.cptable'...


Results: 
Time elapsed 0.830971
Test Data: 
	MAE: -nan
	Relative Error: -nan

